2890440150
2890440150
4601233816
4180955149
5507291576
6835677076
1233836062
4295577960
7378013846
7002140574
1124540673
3488170829
1336945367
1399877637
1432408632
4096819455
1800684221
9209277374
4109364701
7265907772
7993750493
1998714546
5948086429
1968147145
1139340247
6649948473
6924074955
3330038304
5549166514
9026154734
6888917977
1194267269
3184220375
8850258070
9367075794
9742665698
2773329281
4272471736
5523362492
1341887499
3124763291
5960795379
6773486249
5546527013
4804871792
9277945110
3061497497
6123894589
1911265604
8700915698
4620008035
5921611349
2400663554
3672019395
3449684092
4911123641
8621248864
3916914524
1892142902
3674784071
3799382976
4532330902
5294399177
8978434693
6825012825
2182179860
1867727253
6033071070
4748635080
2460764467
5841593552
6946776255
1004338346
8603742121
9501024031
8998927235
2465616829
5116495563
5683534664
5357534967
9966845562
6841546374
9198011765
1412052980
5928488773
2966519814
4441332445
7753432705
1227265522
